Louvain Communities: [{1, 4, 12, 14, 15, 16, 17, 18, 82, 19, 20, 21, 22, 23, 24, 25, 26, 27, 28, 29, 30, 31, 32, 33, 34, 35}, {2, 152, 153, 154, 155, 156, 157, 158, 159, 160, 161, 162, 163, 164, 165, 166, 167, 168, 169, 170, 171, 172, 173, 174, 175}, {3, 102, 176, 177, 178, 179, 180, 181, 182, 183}, {5, 36, 37, 38, 39, 40, 41, 42, 43, 44, 45, 46, 47, 48, 49, 50, 51, 52, 53, 54, 55, 56, 57, 58}, {64, 65, 66, 67, 68, 69, 6, 71, 72, 73, 74, 75, 76, 77, 78, 79, 80, 81, 70, 59, 60, 61, 62, 63}, {192, 193, 194, 7, 8, 149, 150, 151, 184, 185, 186, 187, 188, 189, 190, 191}, {9, 83, 84, 85, 86, 87, 88, 89, 90, 91, 92, 93, 94, 95, 96, 97, 98, 99, 100, 101, 103, 104, 105}, {128, 10, 106, 107, 108, 109, 110, 111, 112, 113, 114, 115, 116, 117, 118, 119, 120, 121, 122, 123, 124, 125, 126, 127}, {129, 130, 131, 132, 133, 134, 135, 136, 137, 138, 11, 140, 141, 139, 143, 144, 145, 146, 147, 148, 142}]
[[0. 1. 1. ... 2. 2. 2.]
 [1. 0. 2. ... 2. 2. 2.]
 [1. 2. 0. ... 3. 3. 3.]
 ...
 [2. 2. 3. ... 0. 2. 2.]
 [2. 2. 3. ... 2. 0. 2.]
 [2. 2. 3. ... 2. 2. 0.]]
Modularity for Louvain: 0.7522818586776139
Modularity for Girvan: -0.03028648790287369
Spectral Labels: [0 0 0 0 0 0 0 0 0 0 0 0 0 0 0 0 0 0 0 0 0 0 0 0 0 0 0 0 0 0 0 0 0 0 0 0 0
 0 0 0 0 0 0 0 0 0 0 0 0 0 0 0 0 0 0 0 0 0 0 0 0 0 0 0 0 0 0 0 0 0 0 0 1 1
 1 1 1 1 1 1 1 1 1 1 1 1 1 1 1 1 1 1 1 1 0 0 0 0 0 0 0 0 0 0 0 0 0 0 0 0 0
 0 0 0 0 0 0 0 0 0 0 0 0 0 0 0 0 0 0 0 0 0 0 0 0 0 0 0 0 0 0 0 0 0 0 0 0 0
 0 0 0 0 0 0 0 0 0 0 0 0 0 0 0 0 0 0 0 0 0 0 0 0 0 0 0 0 0 0 0 0 0 0 0 0 0
 0 0 0 0 0 0 0 0]
